8000
7999
7998
7994
7993
7992
7988
7987
7986
7982
7981
7980
7976
7975
7974
7970
7969
7968
7964
7963
7962
7958
7957
7956
7952
7951
7950
7946
7945
7944
7940
7939
7938
7934
7933
7932
7928
7927
7926
7922
7921
7920
7916
7915
7914
7910
7909
7908
7904
7903
7902
7898
7897
7896
7892
7891
7890
7886
7885
7884
7880
7879
7878
7874
7873
7872
7868
7867
7866
7862
7861
7860
7856
7855
7854
7850
7849
7848
7844
7843
7842
7838
7837
7836
7832
7831
7830
7826
7825
7824
7820
7819
7818
7814
7813
7812
7808
7807
7806
7802
7801
7800
7796
7795
7794
7790
7789
7788
7784
7783
7782
7778
7777
7776
7772
7771
7770
7766
7765
7764
7760
7759
7758
7754
7753
7752
7748
7747
7746
7742
7741
7740
7736
7735
7734
7730
7729
7728
7724
7723
7722
7718
7717
7716
7712
7711
7710
7706
7705
7704
7700
7699
7698
7694
7693
7692
7688
7687
7686
7682
7681
7680
7676
7675
7674
7670
7669
7668
7664
7663
7662
7658
7657
7656
7652
7651
7650
7646
7645
7644
7640
7639
7638
7634
7633
7632
7628
7627
7626
7622
7621
7620
7616
7615
7614
7610
7609
7608
7604
7603
7602
7598
7597
7596
7592
7591
7590
7586
7585
7584
7580
7579
7578
7574
7573
7572
7568
7567
7566
7562
7561
7560
7556
7555
7554
7550
7549
7548
7544
7543
7542
7538
7537
7536
7532
7531
7530
7526
7525
7524
7520
7519
7518
7514
7513
7512
7508
7507
7506
7502
7501
7500
7496
7495
7494
7490
7489
7488
7484
7483
7482
7478
7477
7476
7472
7471
7470
7466
7465
7464
7460
7459
7458
7454
7453
7452
7448
7447
7446
7442
7441
7440
7436
7435
7434
7430
7429
7428
7424
7423
7422
7418
7417
7416
7412
7411
7410
7406
7405
7404
7400
7399
7398
7394
7393
7392
7388
7387
7386
7382
7381
7380
7376
7375
7374
7370
7369
7368
7364
7363
7362
7358
7357
7356
7352
7351
7350
7346
7345
7344
7340
7339
7338
7334
7333
7332
7328
7327
7326
7322
7321
7320
7316
7315
7314
7310
7309
7308
7304
7303
7302
7298
7297
7296
7292
7291
7290
7286
7285
7284
7280
7279
7278
7274
7273
7272
7268
7267
7266
7262
7261
7260
7256
7255
7254
7250
7249
7248
7244
7243
7242
7238
7237
7236
7232
7231
7230
7226
7225
7224
7220
7219
7218
7214
7213
7212
7208
7207
7206
7202
7201
7200
7196
7195
7194
7190
7189
7188
7184
7183
7182
7178
7177
7176
7172
7171
7170
7166
7165
7164
7160
7159
7158
7154
7153
7152
7148
7147
7146
7142
7141
7140
7136
7135
7134
7130
7129
7128
7124
7123
7122
7118
7117
7116
7112
7111
7110
7106
7105
7104
7100
7099
7098
7094
7093
7092
7088
7087
7086
7082
7081
7080
7076
7075
7074
7070
7069
7068
7064
7063
7062
7058
7057
7056
7052
7051
7050
7046
7045
7044
7040
7039
7038
7034
7033
7032
7028
7027
7026
7022
7021
7020
7016
7015
7014
7010
7009
7008
7004
7003
7002
6998
6997
6996
6992
6991
6990
6986
6985
6984
6980
6979
6978
6974
6973
6972
6968
6967
6966
6962
6961
6960
6956
6955
6954
6950
6949
6948
6944
6943
6942
6938
6937
6936
6932
6931
6930
6926
6925
6924
6920
6919
6918
6914
6913
6912
6908
6907
6906
6902
6901
6900
6896
6895
6894
6890
6889
6888
6884
6883
6882
6878
6877
6876
6872
6871
6870
6866
6865
6864
6860
6859
6858
6854
6853
6852
6848
6847
6846
6842
6841
6840
6836
6835
6834
6830
6829
6828
6824
6823
6822
6818
6817
6816
6812
6811
6810
6806
6805
6804
6800
6799
6798
6794
6793
6792
6788
6787
6786
6782
6781
6780
6776
6775
6774
6770
6769
6768
6764
6763
6762
6758
6757
6756
6752
6751
6750
6746
6745
6744
6740
6739
6738
6734
6733
6732
6728
6727
6726
6722
6721
6720
6716
6715
6714
6710
6709
6708
6704
6703
6702
6698
6697
6696
6692
6691
6690
6686
6685
6684
6680
6679
6678
6674
6673
6672
6668
6667
6666
6662
6661
6660
6656
6655
6654
6650
6649
6648
6644
6643
6642
6638
6637
6636
6632
6631
6630
6626
6625
6624
6620
6619
6618
6614
6613
6612
6608
6607
6606
6602
6601
6600
6596
6595
6594
6590
6589
6588
6584
6583
6582
6578
6577
6576
6572
6571
6570
6566
6565
6564
6560
6559
6558
6554
6553
6552
6548
6547
6546
6542
6541
6540
6536
6535
6534
6530
6529
6528
6524
6523
6522
6518
6517
6516
6512
6511
6510
6506
6505
6504
6500
6499
6498
6494
6493
6492
6488
6487
6486
6482
6481
6480
6476
6475
6474
6470
6469
6468
6464
6463
6462
6458
6457
6456
6452
6451
6450
6446
6445
6444
6440
6439
6438
6434
6433
6432
6428
6427
6426
6422
6421
6420
6416
6415
6414
6410
6409
6408
6404
6403
6402
6398
6397
6396
6392
6391
6390
6386
6385
6384
6380
6379
6378
6374
6373
6372
6368
6367
6366
6362
6361
6360
6356
6355
6354
6350
6349
6348
6344
6343
6342
6338
6337
6336
6332
6331
6330
6326
6325
6324
6320
6319
6318
6314
6313
6312
6308
6307
6306
6302
6301
6300
6296
6295
6294
6290
6289
6288
6284
6283
6282
6278
6277
6276
6272
6271
6270
6266
6265
6264
6260
6259
6258
6254
6253
6252
6248
6247
6246
6242
6241
6240
6236
6235
6234
6230
6229
6228
6224
6223
6222
6218
6217
6216
6212
6211
6210
6206
6205
6204
6200
6199
6198
6194
6193
6192
6188
6187
6186
6182
6181
6180
6176
6175
6174
6170
6169
6168
6164
6163
6162
6158
6157
6156
6152
6151
6150
6146
6145
6144
6140
6139
6138
6134
6133
6132
6128
6127
6126
6122
6121
6120
6116
6115
6114
6110
6109
6108
6104
6103
6102
6098
6097
6096
6092
6091
6090
6086
6085
6084
6080
6079
6078
6074
6073
6072
6068
6067
6066
6062
6061
6060
6056
6055
6054
6050
6049
6048
6044
6043
6042
6038
6037
6036
6032
6031
6030
6026
6025
6024
6020
6019
6018
6014
6013
6012
6008
6007
6006
6002
6001
6000
5996
5995
5994
5990
5989
5988
5984
5983
5982
5978
5977
5976
5972
5971
5970
5966
5965
5964
5960
5959
5958
5954
5953
5952
5948
5947
5946
5942
5941
5940
5936
5935
5934
5930
5929
5928
5924
5923
5922
5918
5917
5916
5912
5911
5910
5906
5905
5904
5900
5899
5898
5894
5893
5892
5888
5887
5886
5882
5881
5880
5876
5875
5874
5870
5869
5868
5864
5863
5862
5858
5857
5856
5852
5851
5850
5846
5845
5844
5840
5839
5838
5834
5833
5832
5828
5827
5826
5822
5821
5820
5816
5815
5814
5810
5809
5808
5804
5803
5802
5798
5797
5796
5792
5791
5790
5786
5785
5784
5780
5779
5778
5774
5773
5772
5768
5767
5766
5762
5761
5760
5756
5755
5754
5750
5749
5748
5744
5743
5742
5738
5737
5736
5732
5731
5730
5726
5725
5724
5720
5719
5718
5714
5713
5712
5708
5707
5706
5702
5701
5700
5696
5695
5694
5690
5689
5688
5684
5683
5682
5678
5677
5676
5672
5671
5670
5666
5665
5664
5660
5659
5658
5654
5653
5652
5648
5647
5646
5642
5641
5640
5636
5635
5634
5630
5629
5628
5624
5623
5622
5618
5617
5616
5612
5611
5610
5606
5605
5604
5600
5599
5598
5594
5593
5592
5588
5587
5586
5582
5581
5580
5576
5575
5574
5570
5569
5568
5564
5563
5562
5558
5557
5556
5552
5551
5550
5546
5545
5544
5540
5539
5538
5534
5533
5532
5528
5527
5526
5522
5521
5520
5516
5515
5514
5510
5509
5508
5504
5503
5502
5498
5497
5496
5492
5491
5490
5486
5485
5484
5480
5479
5478
5474
5473
5472
5468
5467
5466
5462
5461
5460
5456
5455
5454
5450
5449
5448
5444
5443
5442
5438
5437
5436
5432
5431
5430
5426
5425
5424
5420
5419
5418
5414
5413
5412
5408
5407
5406
5402
5401
5400
5396
5395
5394
5390
5389
5388
5384
5383
5382
5378
5377
5376
5372
5371
5370
5366
5365
5364
5360
5359
5358
5354
5353
5352
5348
5347
5346
5342
5341
5340
5336
5335
5334
5330
5329
5328
5324
5323
5322
5318
5317
5316
5312
5311
5310
5306
5305
5304
5300
5299
5298
5294
5293
5292
5288
5287
5286
5282
5281
5280
5276
5275
5274
5270
5269
5268
5264
5263
5262
5258
5257
5256
5252
5251
5250
5246
5245
5244
5240
5239
5238
5234
5233
5232
5228
5227
5226
5222
5221
5220
5216
5215
5214
5210
5209
5208
5204
5203
5202
5198
5197
5196
5192
5191
5190
5186
5185
5184
5180
5179
5178
5174
5173
5172
5168
5167
5166
5162
5161
5160
5156
5155
5154
5150
5149
5148
5144
5143
5142
5138
5137
5136
5132
5131
5130
5126
5125
5124
5120
5119
5118
5114
5113
5112
5108
5107
5106
5102
5101
5100
5096
5095
5094
5090
5089
5088
5084
5083
5082
5078
5077
5076
5072
5071
5070
5066
5065
5064
5060
5059
5058
5054
5053
5052
5048
5047
5046
5042
5041
5040
5036
5035
5034
5030
5029
5028
5024
5023
5022
5018
5017
5016
5012
5011
5010
5006
5005
5004
5000
4999
4998
4994
4993
4992
4988
4987
4986
4982
4981
4980
4976
4975
4974
4970
4969
4968
4964
4963
4962
4958
4957
4956
4952
4951
4950
4946
4945
4944
4940
4939
4938
4934
4933
4932
4928
4927
4926
4922
4921
4920
4916
4915
4914
4910
4909
4908
4904
4903
4902
4898
4897
4896
4892
4891
4890
4886
4885
4884
4880
4879
4878
4874
4873
4872
4868
4867
4866
4862
4861
4860
4856
4855
4854
4850
4849
4848
4844
4843
4842
4838
4837
4836
4832
4831
4830
4826
4825
4824
4820
4819
4818
4814
4813
4812
4808
4807
4806
4802
4801
4800
4796
4795
4794
4790
4789
4788
4784
4783
4782
4778
4777
4776
4772
4771
4770
4766
4765
4764
4760
4759
4758
4754
4753
4752
4748
4747
4746
4742
4741
4740
4736
4735
4734
4730
4729
4728
4724
4723
4722
4718
4717
4716
4712
4711
4710
4706
4705
4704
4700
4699
4698
4694
4693
4692
4688
4687
4686
4682
4681
4680
4676
4675
4674
4670
4669
4668
4664
4663
4662
4658
4657
4656
4652
4651
4650
4646
4645
4644
4640
4639
4638
4634
4633
4632
4628
4627
4626
4622
4621
4620
4616
4615
4614
4610
4609
4608
4604
4603
4602
4598
4597
4596
4592
4591
4590
4586
4585
4584
4580
4579
4578
4574
4573
4572
4568
4567
4566
4562
4561
4560
4556
4555
4554
4550
4549
4548
4544
4543
4542
4538
4537
4536
4532
4531
4530
4526
4525
4524
4520
4519
4518
4514
4513
4512
4508
4507
4506
4502
4501
4500
4496
4495
4494
4490
4489
4488
4484
4483
4482
4478
4477
4476
4472
4471
4470
4466
4465
4464
4460
4459
4458
4454
4453
4452
4448
4447
4446
4442
4441
4440
4436
4435
4434
4430
4429
4428
4424
4423
4422
4418
4417
4416
4412
4411
4410
4406
4405
4404
4400
4399
4398
4394
4393
4392
4388
4387
4386
4382
4381
4380
4376
4375
4374
4370
4369
4368
4364
4363
4362
4358
4357
4356
4352
4351
4350
4346
4345
4344
4340
4339
4338
4334
4333
4332
4328
4327
4326
4322
4321
4320
4316
4315
4314
4310
4309
4308
4304
4303
4302
4298
4297
4296
4292
4291
4290
4286
4285
4284
4280
4279
4278
4274
4273
4272
4268
4267
4266
4262
4261
4260
4256
4255
4254
4250
4249
4248
4244
4243
4242
4238
4237
4236
4232
4231
4230
4226
4225
4224
4220
4219
4218
4214
4213
4212
4208
4207
4206
4202
4201
4200
4196
4195
4194
4190
4189
4188
4184
4183
4182
4178
4177
4176
4172
4171
4170
4166
4165
4164
4160
4159
4158
4154
4153
4152
4148
4147
4146
4142
4141
4140
4136
4135
4134
4130
4129
4128
4124
4123
4122
4118
4117
4116
4112
4111
4110
4106
4105
4104
4100
4099
4098
4094
4093
4092
4088
4087
4086
4082
4081
4080
4076
4075
4074
4070
4069
4068
4064
4063
4062
4058
4057
4056
4052
4051
4050
4046
4045
4044
4040
4039
4038
4034
4033
4032
4028
4027
4026
4022
4021
4020
4016
4015
4014
4010
4009
4008
4004
4003
4002
3998
3997
3996
3992
3991
3990
3986
3985
3984
3980
3979
3978
3974
3973
3972
3968
3967
3966
3962
3961
3960
3956
3955
3954
3950
3949
3948
3944
3943
3942
3938
3937
3936
3932
3931
3930
3926
3925
3924
3920
3919
3918
3914
3913
3912
3908
3907
3906
3902
3901
3900
3896
3895
3894
3890
3889
3888
3884
3883
3882
3878
3877
3876
3872
3871
3870
3866
3865
3864
3860
3859
3858
3854
3853
3852
3848
3847
3846
3842
3841
3840
3836
3835
3834
3830
3829
3828
3824
3823
3822
3818
3817
3816
3812
3811
3810
3806
3805
3804
3800
3799
3798
3794
3793
3792
3788
3787
3786
3782
3781
3780
3776
3775
3774
3770
3769
3768
3764
3763
3762
3758
3757
3756
3752
3751
3750
3746
3745
3744
3740
3739
3738
3734
3733
3732
3728
3727
3726
3722
3721
3720
3716
3715
3714
3710
3709
3708
3704
3703
3702
3698
3697
3696
3692
3691
3690
3686
3685
3684
3680
3679
3678
3674
3673
3672
3668
3667
3666
3662
3661
3660
3656
3655
3654
3650
3649
3648
3644
3643
3642
3638
3637
3636
3632
3631
3630
3626
3625
3624
3620
3619
3618
3614
3613
3612
3608
3607
3606
3602
3601
3600
3596
3595
3594
3590
3589
3588
3584
3583
3582
3578
3577
3576
3572
3571
3570
3566
3565
3564
3560
3559
3558
3554
3553
3552
3548
3547
3546
3542
3541
3540
3536
3535
3534
3530
3529
3528
3524
3523
3522
3518
3517
3516
3512
3511
3510
3506
3505
3504
3500
3499
3498
3494
3493
3492
3488
3487
3486
3482
3481
3480
3476
3475
3474
3470
3469
3468
3464
3463
3462
3458
3457
3456
3452
3451
3450
3446
3445
3444
3440
3439
3438
3434
3433
3432
3428
3427
3426
3422
3421
3420
3416
3415
3414
3410
3409
3408
3404
3403
3402
3398
3397
3396
3392
3391
3390
3386
3385
3384
3380
3379
3378
3374
3373
3372
3368
3367
3366
3362
3361
3360
3356
3355
3354
3350
3349
3348
3344
3343
3342
3338
3337
3336
3332
3331
3330
3326
3325
3324
3320
3319
3318
3314
3313
3312
3308
3307
3306
3302
3301
3300
3296
3295
3294
3290
3289
3288
3284
3283
3282
3278
3277
3276
3272
3271
3270
3266
3265
3264
3260
3259
3258
3254
3253
3252
3248
3247
3246
3242
3241
3240
3236
3235
3234
3230
3229
3228
3224
3223
3222
3218
3217
3216
3212
3211
3210
3206
3205
3204
3200
3199
3198
3194
3193
3192
3188
3187
3186
3182
3181
3180
3176
3175
3174
3170
3169
3168
3164
3163
3162
3158
3157
3156
3152
3151
3150
3146
3145
3144
3140
3139
3138
3134
3133
3132
3128
3127
3126
3122
3121
3120
3116
3115
3114
3110
3109
3108
3104
3103
3102
3098
3097
3096
3092
3091
3090
3086
3085
3084
3080
3079
3078
3074
3073
3072
3068
3067
3066
3062
3061
3060
3056
3055
3054
3050
3049
3048
3044
3043
3042
3038
3037
3036
3032
3031
3030
3026
3025
3024
3020
3019
3018
3014
3013
3012
3008
3007
3006
3002
3001
3000
2996
2995
2994
2990
2989
2988
2984
2983
2982
2978
2977
2976
2972
2971
2970
2966
2965
2964
2960
2959
2958
2954
2953
2952
2948
2947
2946
2942
2941
2940
2936
2935
2934
2930
2929
2928
2924
2923
2922
2918
2917
2916
2912
2911
2910
2906
2905
2904
2900
2899
2898
2894
2893
2892
2888
2887
2886
2882
2881
2880
2876
2875
2874
2870
2869
2868
2864
2863
2862
2858
2857
2856
2852
2851
2850
2846
2845
2844
2840
2839
2838
2834
2833
2832
2828
2827
2826
2822
2821
2820
2816
2815
2814
2810
2809
2808
2804
2803
2802
2798
2797
2796
2792
2791
2790
2786
2785
2784
2780
2779
2778
2774
2773
2772
2768
2767
2766
2762
2761
2760
2756
2755
2754
2750
2749
2748
2744
2743
2742
2738
2737
2736
2732
2731
2730
2726
2725
2724
2720
2719
2718
2714
2713
2712
2708
2707
2706
2702
2701
2700
2696
2695
2694
2690
2689
2688
2684
2683
2682
2678
2677
2676
2672
2671
2670
2666
2665
2664
2660
2659
2658
2654
2653
2652
2648
2647
2646
2642
2641
2640
2636
2635
2634
2630
2629
2628
2624
2623
2622
2618
2617
2616
2612
2611
2610
2606
2605
2604
2600
2599
2598
2594
2593
2592
2588
2587
2586
2582
2581
2580
2576
2575
2574
2570
2569
2568
2564
2563
2562
2558
2557
2556
2552
2551
2550
2546
2545
2544
2540
2539
2538
2534
2533
2532
2528
2527
2526
2522
2521
2520
2516
2515
2514
2510
2509
2508
2504
2503
2502
2498
2497
2496
2492
2491
2490
2486
2485
2484
2480
2479
2478
2474
2473
2472
2468
2467
2466
2462
2461
2460
2456
2455
2454
2450
2449
2448
2444
2443
2442
2438
2437
2436
2432
2431
2430
2426
2425
2424
2420
2419
2418
2414
2413
2412
2408
2407
2406
2402
2401
2400
2396
2395
2394
2390
2389
2388
2384
2383
2382
2378
2377
2376
2372
2371
2370
2366
2365
2364
2360
2359
2358
2354
2353
2352
2348
2347
2346
2342
2341
2340
2336
2335
2334
2330
2329
2328
2324
2323
2322
2318
2317
2316
2312
2311
2310
2306
2305
2304
2300
2299
2298
2294
2293
2292
2288
2287
2286
2282
2281
2280
2276
2275
2274
2270
2269
2268
2264
2263
2262
2258
2257
2256
2252
2251
2250
2246
2245
2244
2240
2239
2238
2234
2233
2232
2228
2227
2226
2222
2221
2220
2216
2215
2214
2210
2209
2208
2204
2203
2202
2198
2197
2196
2192
2191
2190
2186
2185
2184
2180
2179
2178
2174
2173
2172
2168
2167
2166
2162
2161
2160
2156
2155
2154
2150
2149
2148
2144
2143
2142
2138
2137
2136
2132
2131
2130
2126
2125
2124
2120
2119
2118
2114
2113
2112
2108
2107
2106
2102
2101
2100
2096
2095
2094
2090
2089
2088
2084
2083
2082
2078
2077
2076
2072
2071
2070
2066
2065
2064
2060
2059
2058
2054
2053
2052
2048
2047
2046
2042
2041
2040
2036
2035
2034
2030
2029
2028
2024
2023
2022
2018
2017
2016
2012
2011
2010
2006
2005
2004
2000
1999
1998
1994
1993
1992
1988
1987
1986
1982
1981
1980
1976
1975
1974
1970
1969
1968
1964
1963
1962
1958
1957
1956
1952
1951
1950
1946
1945
1944
1940
1939
1938
1934
1933
1932
1928
1927
1926
1922
1921
1920
1916
1915
1914
1910
1909
1908
1904
1903
1902
1898
1897
1896
1892
1891
1890
1886
1885
1884
1880
1879
1878
1874
1873
1872
1868
1867
1866
1862
1861
1860
1856
1855
1854
1850
1849
1848
1844
1843
1842
1838
1837
1836
1832
1831
1830
1826
1825
1824
1820
1819
1818
1814
1813
1812
1808
1807
1806
1802
1801
1800
1796
1795
1794
1790
1789
1788
1784
1783
1782
1778
1777
1776
1772
1771
1770
1766
1765
1764
1760
1759
1758
1754
1753
1752
1748
1747
1746
1742
1741
1740
1736
1735
1734
1730
1729
1728
1724
1723
1722
1718
1717
1716
1712
1711
1710
1706
1705
1704
1700
1699
1698
1694
1693
1692
1688
1687
1686
1682
1681
1680
1676
1675
1674
1670
1669
1668
1664
1663
1662
1658
1657
1656
1652
1651
1650
1646
1645
1644
1640
1639
1638
1634
1633
1632
1628
1627
1626
1622
1621
1620
1616
1615
1614
1610
1609
1608
1604
1603
1602
1598
1597
1596
1592
1591
1590
1586
1585
1584
1580
1579
1578
1574
1573
1572
1568
1567
1566
1562
1561
1560
1556
1555
1554
1550
1549
1548
1544
1543
1542
1538
1537
1536
1532
1531
1530
1526
1525
1524
1520
1519
1518
1514
1513
1512
1508
1507
1506
1502
1501
1500
1496
1495
1494
1490
1489
1488
1484
1483
1482
1478
1477
1476
1472
1471
1470
1466
1465
1464
1460
1459
1458
1454
1453
1452
1448
1447
1446
1442
1441
1440
1436
1435
1434
1430
1429
1428
1424
1423
1422
1418
1417
1416
1412
1411
1410
1406
1405
1404
1400
1399
1398
1394
1393
1392
1388
1387
1386
1382
1381
1380
1376
1375
1374
1370
1369
1368
1364
1363
1362
1358
1357
1356
1352
1351
1350
1346
1345
1344
1340
1339
1338
1334
1333
1332
1328
1327
1326
1322
1321
1320
1316
1315
1314
1310
1309
1308
1304
1303
1302
1298
1297
1296
1292
1291
1290
1286
1285
1284
1280
1279
1278
1274
1273
1272
1268
1267
1266
1262
1261
1260
1256
1255
1254
1250
1249
1248
1244
1243
1242
1238
1237
1236
1232
1231
1230
1226
1225
1224
1220
1219
1218
1214
1213
1212
1208
1207
1206
1202
1201
1200
1196
1195
1194
1190
1189
1188
1184
1183
1182
1178
1177
1176
1172
1171
1170
1166
1165
1164
1160
1159
1158
1154
1153
1152
1148
1147
1146
1142
1141
1140
1136
1135
1134
1130
1129
1128
1124
1123
1122
1118
1117
1116
1112
1111
1110
1106
1105
1104
1100
1099
1098
1094
1093
1092
1088
1087
1086
1082
1081
1080
1076
1075
1074
1070
1069
1068
1064
1063
1062
1058
1057
1056
1052
1051
1050
1046
1045
1044
1040
1039
1038
1034
1033
1032
1028
1027
1026
1022
1021
1020
1016
1015
1014
1010
1009
1008
1004
1003
1002
998
997
996
992
991
990
986
985
984
980
979
978
974
973
972
968
967
966
962
961
960
956
955
954
950
949
948
944
943
942
938
937
936
932
931
930
926
925
924
920
919
918
914
913
912
908
907
906
902
901
900
896
895
894
890
889
888
884
883
882
878
877
876
872
871
870
866
865
864
860
859
858
854
853
852
848
847
846
842
841
840
836
835
834
830
829
828
824
823
822
818
817
816
812
811
810
806
805
804
800
799
798
794
793
792
788
787
786
782
781
780
776
775
774
770
769
768
764
763
762
758
757
756
752
751
750
746
745
744
740
739
738
734
733
732
728
727
726
722
721
720
716
715
714
710
709
708
704
703
702
698
697
696
692
691
690
686
685
684
680
679
678
674
673
672
668
667
666
662
661
660
656
655
654
650
649
648
644
643
642
638
637
636
632
631
630
626
625
624
620
619
618
614
613
612
608
607
606
602
601
600
596
595
594
590
589
588
584
583
582
578
577
576
572
571
570
566
565
564
560
559
558
554
553
552
548
547
546
542
541
540
536
535
534
530
529
528
524
523
522
518
517
516
512
511
510
506
505
504
500
499
498
494
493
492
488
487
486
482
481
480
476
475
474
470
469
468
464
463
462
458
457
456
452
451
450
446
445
444
440
439
438
434
433
432
428
427
426
422
421
420
416
415
414
410
409
408
404
403
402
398
397
396
392
391
390
386
385
384
380
379
378
374
373
372
368
367
366
362
361
360
356
355
354
350
349
348
344
343
342
338
337
336
332
331
330
326
325
324
320
319
318
314
313
312
308
307
306
302
301
300
296
295
294
290
289
288
284
283
282
278
277
276
272
271
270
266
265
264
260
259
258
254
253
252
248
247
246
242
241
240
236
235
234
230
229
228
224
223
222
218
217
216
212
211
210
206
205
204
200
199
198
194
193
192
188
187
186
182
181
180
176
175
174
170
169
168
164
163
162
158
157
156
152
151
150
146
145
144
140
139
138
134
133
132
128
127
126
122
121
120
116
115
114
110
109
108
104
103
102
98
97
96
92
91
90
86
85
84
80
79
78
74
73
72
68
67
66
62
61
60
56
55
54
50
49
48
44
43
42
38
37
36
32
31
30
26
25
24
20
19
18
14
13
12
8
7
6
2
1
