7997
7996
7995
7991
7990
7989
7985
7984
7983
7979
7978
7977
7973
7972
7971
7967
7966
7965
7961
7960
7959
7955
7954
7953
7949
7948
7947
7943
7942
7941
7937
7936
7935
7931
7930
7929
7925
7924
7923
7919
7918
7917
7913
7912
7911
7907
7906
7905
7901
7900
7899
7895
7894
7893
7889
7888
7887
7883
7882
7881
7877
7876
7875
7871
7870
7869
7865
7864
7863
7859
7858
7857
7853
7852
7851
7847
7846
7845
7841
7840
7839
7835
7834
7833
7829
7828
7827
7823
7822
7821
7817
7816
7815
7811
7810
7809
7805
7804
7803
7799
7798
7797
7793
7792
7791
7787
7786
7785
7781
7780
7779
7775
7774
7773
7769
7768
7767
7763
7762
7761
7757
7756
7755
7751
7750
7749
7745
7744
7743
7739
7738
7737
7733
7732
7731
7727
7726
7725
7721
7720
7719
7715
7714
7713
7709
7708
7707
7703
7702
7701
7697
7696
7695
7691
7690
7689
7685
7684
7683
7679
7678
7677
7673
7672
7671
7667
7666
7665
7661
7660
7659
7655
7654
7653
7649
7648
7647
7643
7642
7641
7637
7636
7635
7631
7630
7629
7625
7624
7623
7619
7618
7617
7613
7612
7611
7607
7606
7605
7601
7600
7599
7595
7594
7593
7589
7588
7587
7583
7582
7581
7577
7576
7575
7571
7570
7569
7565
7564
7563
7559
7558
7557
7553
7552
7551
7547
7546
7545
7541
7540
7539
7535
7534
7533
7529
7528
7527
7523
7522
7521
7517
7516
7515
7511
7510
7509
7505
7504
7503
7499
7498
7497
7493
7492
7491
7487
7486
7485
7481
7480
7479
7475
7474
7473
7469
7468
7467
7463
7462
7461
7457
7456
7455
7451
7450
7449
7445
7444
7443
7439
7438
7437
7433
7432
7431
7427
7426
7425
7421
7420
7419
7415
7414
7413
7409
7408
7407
7403
7402
7401
7397
7396
7395
7391
7390
7389
7385
7384
7383
7379
7378
7377
7373
7372
7371
7367
7366
7365
7361
7360
7359
7355
7354
7353
7349
7348
7347
7343
7342
7341
7337
7336
7335
7331
7330
7329
7325
7324
7323
7319
7318
7317
7313
7312
7311
7307
7306
7305
7301
7300
7299
7295
7294
7293
7289
7288
7287
7283
7282
7281
7277
7276
7275
7271
7270
7269
7265
7264
7263
7259
7258
7257
7253
7252
7251
7247
7246
7245
7241
7240
7239
7235
7234
7233
7229
7228
7227
7223
7222
7221
7217
7216
7215
7211
7210
7209
7205
7204
7203
7199
7198
7197
7193
7192
7191
7187
7186
7185
7181
7180
7179
7175
7174
7173
7169
7168
7167
7163
7162
7161
7157
7156
7155
7151
7150
7149
7145
7144
7143
7139
7138
7137
7133
7132
7131
7127
7126
7125
7121
7120
7119
7115
7114
7113
7109
7108
7107
7103
7102
7101
7097
7096
7095
7091
7090
7089
7085
7084
7083
7079
7078
7077
7073
7072
7071
7067
7066
7065
7061
7060
7059
7055
7054
7053
7049
7048
7047
7043
7042
7041
7037
7036
7035
7031
7030
7029
7025
7024
7023
7019
7018
7017
7013
7012
7011
7007
7006
7005
7001
7000
6999
6995
6994
6993
6989
6988
6987
6983
6982
6981
6977
6976
6975
6971
6970
6969
6965
6964
6963
6959
6958
6957
6953
6952
6951
6947
6946
6945
6941
6940
6939
6935
6934
6933
6929
6928
6927
6923
6922
6921
6917
6916
6915
6911
6910
6909
6905
6904
6903
6899
6898
6897
6893
6892
6891
6887
6886
6885
6881
6880
6879
6875
6874
6873
6869
6868
6867
6863
6862
6861
6857
6856
6855
6851
6850
6849
6845
6844
6843
6839
6838
6837
6833
6832
6831
6827
6826
6825
6821
6820
6819
6815
6814
6813
6809
6808
6807
6803
6802
6801
6797
6796
6795
6791
6790
6789
6785
6784
6783
6779
6778
6777
6773
6772
6771
6767
6766
6765
6761
6760
6759
6755
6754
6753
6749
6748
6747
6743
6742
6741
6737
6736
6735
6731
6730
6729
6725
6724
6723
6719
6718
6717
6713
6712
6711
6707
6706
6705
6701
6700
6699
6695
6694
6693
6689
6688
6687
6683
6682
6681
6677
6676
6675
6671
6670
6669
6665
6664
6663
6659
6658
6657
6653
6652
6651
6647
6646
6645
6641
6640
6639
6635
6634
6633
6629
6628
6627
6623
6622
6621
6617
6616
6615
6611
6610
6609
6605
6604
6603
6599
6598
6597
6593
6592
6591
6587
6586
6585
6581
6580
6579
6575
6574
6573
6569
6568
6567
6563
6562
6561
6557
6556
6555
6551
6550
6549
6545
6544
6543
6539
6538
6537
6533
6532
6531
6527
6526
6525
6521
6520
6519
6515
6514
6513
6509
6508
6507
6503
6502
6501
6497
6496
6495
6491
6490
6489
6485
6484
6483
6479
6478
6477
6473
6472
6471
6467
6466
6465
6461
6460
6459
6455
6454
6453
6449
6448
6447
6443
6442
6441
6437
6436
6435
6431
6430
6429
6425
6424
6423
6419
6418
6417
6413
6412
6411
6407
6406
6405
6401
6400
6399
6395
6394
6393
6389
6388
6387
6383
6382
6381
6377
6376
6375
6371
6370
6369
6365
6364
6363
6359
6358
6357
6353
6352
6351
6347
6346
6345
6341
6340
6339
6335
6334
6333
6329
6328
6327
6323
6322
6321
6317
6316
6315
6311
6310
6309
6305
6304
6303
6299
6298
6297
6293
6292
6291
6287
6286
6285
6281
6280
6279
6275
6274
6273
6269
6268
6267
6263
6262
6261
6257
6256
6255
6251
6250
6249
6245
6244
6243
6239
6238
6237
6233
6232
6231
6227
6226
6225
6221
6220
6219
6215
6214
6213
6209
6208
6207
6203
6202
6201
6197
6196
6195
6191
6190
6189
6185
6184
6183
6179
6178
6177
6173
6172
6171
6167
6166
6165
6161
6160
6159
6155
6154
6153
6149
6148
6147
6143
6142
6141
6137
6136
6135
6131
6130
6129
6125
6124
6123
6119
6118
6117
6113
6112
6111
6107
6106
6105
6101
6100
6099
6095
6094
6093
6089
6088
6087
6083
6082
6081
6077
6076
6075
6071
6070
6069
6065
6064
6063
6059
6058
6057
6053
6052
6051
6047
6046
6045
6041
6040
6039
6035
6034
6033
6029
6028
6027
6023
6022
6021
6017
6016
6015
6011
6010
6009
6005
6004
6003
5999
5998
5997
5993
5992
5991
5987
5986
5985
5981
5980
5979
5975
5974
5973
5969
5968
5967
5963
5962
5961
5957
5956
5955
5951
5950
5949
5945
5944
5943
5939
5938
5937
5933
5932
5931
5927
5926
5925
5921
5920
5919
5915
5914
5913
5909
5908
5907
5903
5902
5901
5897
5896
5895
5891
5890
5889
5885
5884
5883
5879
5878
5877
5873
5872
5871
5867
5866
5865
5861
5860
5859
5855
5854
5853
5849
5848
5847
5843
5842
5841
5837
5836
5835
5831
5830
5829
5825
5824
5823
5819
5818
5817
5813
5812
5811
5807
5806
5805
5801
5800
5799
5795
5794
5793
5789
5788
5787
5783
5782
5781
5777
5776
5775
5771
5770
5769
5765
5764
5763
5759
5758
5757
5753
5752
5751
5747
5746
5745
5741
5740
5739
5735
5734
5733
5729
5728
5727
5723
5722
5721
5717
5716
5715
5711
5710
5709
5705
5704
5703
5699
5698
5697
5693
5692
5691
5687
5686
5685
5681
5680
5679
5675
5674
5673
5669
5668
5667
5663
5662
5661
5657
5656
5655
5651
5650
5649
5645
5644
5643
5639
5638
5637
5633
5632
5631
5627
5626
5625
5621
5620
5619
5615
5614
5613
5609
5608
5607
5603
5602
5601
5597
5596
5595
5591
5590
5589
5585
5584
5583
5579
5578
5577
5573
5572
5571
5567
5566
5565
5561
5560
5559
5555
5554
5553
5549
5548
5547
5543
5542
5541
5537
5536
5535
5531
5530
5529
5525
5524
5523
5519
5518
5517
5513
5512
5511
5507
5506
5505
5501
5500
5499
5495
5494
5493
5489
5488
5487
5483
5482
5481
5477
5476
5475
5471
5470
5469
5465
5464
5463
5459
5458
5457
5453
5452
5451
5447
5446
5445
5441
5440
5439
5435
5434
5433
5429
5428
5427
5423
5422
5421
5417
5416
5415
5411
5410
5409
5405
5404
5403
5399
5398
5397
5393
5392
5391
5387
5386
5385
5381
5380
5379
5375
5374
5373
5369
5368
5367
5363
5362
5361
5357
5356
5355
5351
5350
5349
5345
5344
5343
5339
5338
5337
5333
5332
5331
5327
5326
5325
5321
5320
5319
5315
5314
5313
5309
5308
5307
5303
5302
5301
5297
5296
5295
5291
5290
5289
5285
5284
5283
5279
5278
5277
5273
5272
5271
5267
5266
5265
5261
5260
5259
5255
5254
5253
5249
5248
5247
5243
5242
5241
5237
5236
5235
5231
5230
5229
5225
5224
5223
5219
5218
5217
5213
5212
5211
5207
5206
5205
5201
5200
5199
5195
5194
5193
5189
5188
5187
5183
5182
5181
5177
5176
5175
5171
5170
5169
5165
5164
5163
5159
5158
5157
5153
5152
5151
5147
5146
5145
5141
5140
5139
5135
5134
5133
5129
5128
5127
5123
5122
5121
5117
5116
5115
5111
5110
5109
5105
5104
5103
5099
5098
5097
5093
5092
5091
5087
5086
5085
5081
5080
5079
5075
5074
5073
5069
5068
5067
5063
5062
5061
5057
5056
5055
5051
5050
5049
5045
5044
5043
5039
5038
5037
5033
5032
5031
5027
5026
5025
5021
5020
5019
5015
5014
5013
5009
5008
5007
5003
5002
5001
4997
4996
4995
4991
4990
4989
4985
4984
4983
4979
4978
4977
4973
4972
4971
4967
4966
4965
4961
4960
4959
4955
4954
4953
4949
4948
4947
4943
4942
4941
4937
4936
4935
4931
4930
4929
4925
4924
4923
4919
4918
4917
4913
4912
4911
4907
4906
4905
4901
4900
4899
4895
4894
4893
4889
4888
4887
4883
4882
4881
4877
4876
4875
4871
4870
4869
4865
4864
4863
4859
4858
4857
4853
4852
4851
4847
4846
4845
4841
4840
4839
4835
4834
4833
4829
4828
4827
4823
4822
4821
4817
4816
4815
4811
4810
4809
4805
4804
4803
4799
4798
4797
4793
4792
4791
4787
4786
4785
4781
4780
4779
4775
4774
4773
4769
4768
4767
4763
4762
4761
4757
4756
4755
4751
4750
4749
4745
4744
4743
4739
4738
4737
4733
4732
4731
4727
4726
4725
4721
4720
4719
4715
4714
4713
4709
4708
4707
4703
4702
4701
4697
4696
4695
4691
4690
4689
4685
4684
4683
4679
4678
4677
4673
4672
4671
4667
4666
4665
4661
4660
4659
4655
4654
4653
4649
4648
4647
4643
4642
4641
4637
4636
4635
4631
4630
4629
4625
4624
4623
4619
4618
4617
4613
4612
4611
4607
4606
4605
4601
4600
4599
4595
4594
4593
4589
4588
4587
4583
4582
4581
4577
4576
4575
4571
4570
4569
4565
4564
4563
4559
4558
4557
4553
4552
4551
4547
4546
4545
4541
4540
4539
4535
4534
4533
4529
4528
4527
4523
4522
4521
4517
4516
4515
4511
4510
4509
4505
4504
4503
4499
4498
4497
4493
4492
4491
4487
4486
4485
4481
4480
4479
4475
4474
4473
4469
4468
4467
4463
4462
4461
4457
4456
4455
4451
4450
4449
4445
4444
4443
4439
4438
4437
4433
4432
4431
4427
4426
4425
4421
4420
4419
4415
4414
4413
4409
4408
4407
4403
4402
4401
4397
4396
4395
4391
4390
4389
4385
4384
4383
4379
4378
4377
4373
4372
4371
4367
4366
4365
4361
4360
4359
4355
4354
4353
4349
4348
4347
4343
4342
4341
4337
4336
4335
4331
4330
4329
4325
4324
4323
4319
4318
4317
4313
4312
4311
4307
4306
4305
4301
4300
4299
4295
4294
4293
4289
4288
4287
4283
4282
4281
4277
4276
4275
4271
4270
4269
4265
4264
4263
4259
4258
4257
4253
4252
4251
4247
4246
4245
4241
4240
4239
4235
4234
4233
4229
4228
4227
4223
4222
4221
4217
4216
4215
4211
4210
4209
4205
4204
4203
4199
4198
4197
4193
4192
4191
4187
4186
4185
4181
4180
4179
4175
4174
4173
4169
4168
4167
4163
4162
4161
4157
4156
4155
4151
4150
4149
4145
4144
4143
4139
4138
4137
4133
4132
4131
4127
4126
4125
4121
4120
4119
4115
4114
4113
4109
4108
4107
4103
4102
4101
4097
4096
4095
4091
4090
4089
4085
4084
4083
4079
4078
4077
4073
4072
4071
4067
4066
4065
4061
4060
4059
4055
4054
4053
4049
4048
4047
4043
4042
4041
4037
4036
4035
4031
4030
4029
4025
4024
4023
4019
4018
4017
4013
4012
4011
4007
4006
4005
4001
4000
3999
3995
3994
3993
3989
3988
3987
3983
3982
3981
3977
3976
3975
3971
3970
3969
3965
3964
3963
3959
3958
3957
3953
3952
3951
3947
3946
3945
3941
3940
3939
3935
3934
3933
3929
3928
3927
3923
3922
3921
3917
3916
3915
3911
3910
3909
3905
3904
3903
3899
3898
3897
3893
3892
3891
3887
3886
3885
3881
3880
3879
3875
3874
3873
3869
3868
3867
3863
3862
3861
3857
3856
3855
3851
3850
3849
3845
3844
3843
3839
3838
3837
3833
3832
3831
3827
3826
3825
3821
3820
3819
3815
3814
3813
3809
3808
3807
3803
3802
3801
3797
3796
3795
3791
3790
3789
3785
3784
3783
3779
3778
3777
3773
3772
3771
3767
3766
3765
3761
3760
3759
3755
3754
3753
3749
3748
3747
3743
3742
3741
3737
3736
3735
3731
3730
3729
3725
3724
3723
3719
3718
3717
3713
3712
3711
3707
3706
3705
3701
3700
3699
3695
3694
3693
3689
3688
3687
3683
3682
3681
3677
3676
3675
3671
3670
3669
3665
3664
3663
3659
3658
3657
3653
3652
3651
3647
3646
3645
3641
3640
3639
3635
3634
3633
3629
3628
3627
3623
3622
3621
3617
3616
3615
3611
3610
3609
3605
3604
3603
3599
3598
3597
3593
3592
3591
3587
3586
3585
3581
3580
3579
3575
3574
3573
3569
3568
3567
3563
3562
3561
3557
3556
3555
3551
3550
3549
3545
3544
3543
3539
3538
3537
3533
3532
3531
3527
3526
3525
3521
3520
3519
3515
3514
3513
3509
3508
3507
3503
3502
3501
3497
3496
3495
3491
3490
3489
3485
3484
3483
3479
3478
3477
3473
3472
3471
3467
3466
3465
3461
3460
3459
3455
3454
3453
3449
3448
3447
3443
3442
3441
3437
3436
3435
3431
3430
3429
3425
3424
3423
3419
3418
3417
3413
3412
3411
3407
3406
3405
3401
3400
3399
3395
3394
3393
3389
3388
3387
3383
3382
3381
3377
3376
3375
3371
3370
3369
3365
3364
3363
3359
3358
3357
3353
3352
3351
3347
3346
3345
3341
3340
3339
3335
3334
3333
3329
3328
3327
3323
3322
3321
3317
3316
3315
3311
3310
3309
3305
3304
3303
3299
3298
3297
3293
3292
3291
3287
3286
3285
3281
3280
3279
3275
3274
3273
3269
3268
3267
3263
3262
3261
3257
3256
3255
3251
3250
3249
3245
3244
3243
3239
3238
3237
3233
3232
3231
3227
3226
3225
3221
3220
3219
3215
3214
3213
3209
3208
3207
3203
3202
3201
3197
3196
3195
3191
3190
3189
3185
3184
3183
3179
3178
3177
3173
3172
3171
3167
3166
3165
3161
3160
3159
3155
3154
3153
3149
3148
3147
3143
3142
3141
3137
3136
3135
3131
3130
3129
3125
3124
3123
3119
3118
3117
3113
3112
3111
3107
3106
3105
3101
3100
3099
3095
3094
3093
3089
3088
3087
3083
3082
3081
3077
3076
3075
3071
3070
3069
3065
3064
3063
3059
3058
3057
3053
3052
3051
3047
3046
3045
3041
3040
3039
3035
3034
3033
3029
3028
3027
3023
3022
3021
3017
3016
3015
3011
3010
3009
3005
3004
3003
2999
2998
2997
2993
2992
2991
2987
2986
2985
2981
2980
2979
2975
2974
2973
2969
2968
2967
2963
2962
2961
2957
2956
2955
2951
2950
2949
2945
2944
2943
2939
2938
2937
2933
2932
2931
2927
2926
2925
2921
2920
2919
2915
2914
2913
2909
2908
2907
2903
2902
2901
2897
2896
2895
2891
2890
2889
2885
2884
2883
2879
2878
2877
2873
2872
2871
2867
2866
2865
2861
2860
2859
2855
2854
2853
2849
2848
2847
2843
2842
2841
2837
2836
2835
2831
2830
2829
2825
2824
2823
2819
2818
2817
2813
2812
2811
2807
2806
2805
2801
2800
2799
2795
2794
2793
2789
2788
2787
2783
2782
2781
2777
2776
2775
2771
2770
2769
2765
2764
2763
2759
2758
2757
2753
2752
2751
2747
2746
2745
2741
2740
2739
2735
2734
2733
2729
2728
2727
2723
2722
2721
2717
2716
2715
2711
2710
2709
2705
2704
2703
2699
2698
2697
2693
2692
2691
2687
2686
2685
2681
2680
2679
2675
2674
2673
2669
2668
2667
2663
2662
2661
2657
2656
2655
2651
2650
2649
2645
2644
2643
2639
2638
2637
2633
2632
2631
2627
2626
2625
2621
2620
2619
2615
2614
2613
2609
2608
2607
2603
2602
2601
2597
2596
2595
2591
2590
2589
2585
2584
2583
2579
2578
2577
2573
2572
2571
2567
2566
2565
2561
2560
2559
2555
2554
2553
2549
2548
2547
2543
2542
2541
2537
2536
2535
2531
2530
2529
2525
2524
2523
2519
2518
2517
2513
2512
2511
2507
2506
2505
2501
2500
2499
2495
2494
2493
2489
2488
2487
2483
2482
2481
2477
2476
2475
2471
2470
2469
2465
2464
2463
2459
2458
2457
2453
2452
2451
2447
2446
2445
2441
2440
2439
2435
2434
2433
2429
2428
2427
2423
2422
2421
2417
2416
2415
2411
2410
2409
2405
2404
2403
2399
2398
2397
2393
2392
2391
2387
2386
2385
2381
2380
2379
2375
2374
2373
2369
2368
2367
2363
2362
2361
2357
2356
2355
2351
2350
2349
2345
2344
2343
2339
2338
2337
2333
2332
2331
2327
2326
2325
2321
2320
2319
2315
2314
2313
2309
2308
2307
2303
2302
2301
2297
2296
2295
2291
2290
2289
2285
2284
2283
2279
2278
2277
2273
2272
2271
2267
2266
2265
2261
2260
2259
2255
2254
2253
2249
2248
2247
2243
2242
2241
2237
2236
2235
2231
2230
2229
2225
2224
2223
2219
2218
2217
2213
2212
2211
2207
2206
2205
2201
2200
2199
2195
2194
2193
2189
2188
2187
2183
2182
2181
2177
2176
2175
2171
2170
2169
2165
2164
2163
2159
2158
2157
2153
2152
2151
2147
2146
2145
2141
2140
2139
2135
2134
2133
2129
2128
2127
2123
2122
2121
2117
2116
2115
2111
2110
2109
2105
2104
2103
2099
2098
2097
2093
2092
2091
2087
2086
2085
2081
2080
2079
2075
2074
2073
2069
2068
2067
2063
2062
2061
2057
2056
2055
2051
2050
2049
2045
2044
2043
2039
2038
2037
2033
2032
2031
2027
2026
2025
2021
2020
2019
2015
2014
2013
2009
2008
2007
2003
2002
2001
1997
1996
1995
1991
1990
1989
1985
1984
1983
1979
1978
1977
1973
1972
1971
1967
1966
1965
1961
1960
1959
1955
1954
1953
1949
1948
1947
1943
1942
1941
1937
1936
1935
1931
1930
1929
1925
1924
1923
1919
1918
1917
1913
1912
1911
1907
1906
1905
1901
1900
1899
1895
1894
1893
1889
1888
1887
1883
1882
1881
1877
1876
1875
1871
1870
1869
1865
1864
1863
1859
1858
1857
1853
1852
1851
1847
1846
1845
1841
1840
1839
1835
1834
1833
1829
1828
1827
1823
1822
1821
1817
1816
1815
1811
1810
1809
1805
1804
1803
1799
1798
1797
1793
1792
1791
1787
1786
1785
1781
1780
1779
1775
1774
1773
1769
1768
1767
1763
1762
1761
1757
1756
1755
1751
1750
1749
1745
1744
1743
1739
1738
1737
1733
1732
1731
1727
1726
1725
1721
1720
1719
1715
1714
1713
1709
1708
1707
1703
1702
1701
1697
1696
1695
1691
1690
1689
1685
1684
1683
1679
1678
1677
1673
1672
1671
1667
1666
1665
1661
1660
1659
1655
1654
1653
1649
1648
1647
1643
1642
1641
1637
1636
1635
1631
1630
1629
1625
1624
1623
1619
1618
1617
1613
1612
1611
1607
1606
1605
1601
1600
1599
1595
1594
1593
1589
1588
1587
1583
1582
1581
1577
1576
1575
1571
1570
1569
1565
1564
1563
1559
1558
1557
1553
1552
1551
1547
1546
1545
1541
1540
1539
1535
1534
1533
1529
1528
1527
1523
1522
1521
1517
1516
1515
1511
1510
1509
1505
1504
1503
1499
1498
1497
1493
1492
1491
1487
1486
1485
1481
1480
1479
1475
1474
1473
1469
1468
1467
1463
1462
1461
1457
1456
1455
1451
1450
1449
1445
1444
1443
1439
1438
1437
1433
1432
1431
1427
1426
1425
1421
1420
1419
1415
1414
1413
1409
1408
1407
1403
1402
1401
1397
1396
1395
1391
1390
1389
1385
1384
1383
1379
1378
1377
1373
1372
1371
1367
1366
1365
1361
1360
1359
1355
1354
1353
1349
1348
1347
1343
1342
1341
1337
1336
1335
1331
1330
1329
1325
1324
1323
1319
1318
1317
1313
1312
1311
1307
1306
1305
1301
1300
1299
1295
1294
1293
1289
1288
1287
1283
1282
1281
1277
1276
1275
1271
1270
1269
1265
1264
1263
1259
1258
1257
1253
1252
1251
1247
1246
1245
1241
1240
1239
1235
1234
1233
1229
1228
1227
1223
1222
1221
1217
1216
1215
1211
1210
1209
1205
1204
1203
1199
1198
1197
1193
1192
1191
1187
1186
1185
1181
1180
1179
1175
1174
1173
1169
1168
1167
1163
1162
1161
1157
1156
1155
1151
1150
1149
1145
1144
1143
1139
1138
1137
1133
1132
1131
1127
1126
1125
1121
1120
1119
1115
1114
1113
1109
1108
1107
1103
1102
1101
1097
1096
1095
1091
1090
1089
1085
1084
1083
1079
1078
1077
1073
1072
1071
1067
1066
1065
1061
1060
1059
1055
1054
1053
1049
1048
1047
1043
1042
1041
1037
1036
1035
1031
1030
1029
1025
1024
1023
1019
1018
1017
1013
1012
1011
1007
1006
1005
1001
1000
999
995
994
993
989
988
987
983
982
981
977
976
975
971
970
969
965
964
963
959
958
957
953
952
951
947
946
945
941
940
939
935
934
933
929
928
927
923
922
921
917
916
915
911
910
909
905
904
903
899
898
897
893
892
891
887
886
885
881
880
879
875
874
873
869
868
867
863
862
861
857
856
855
851
850
849
845
844
843
839
838
837
833
832
831
827
826
825
821
820
819
815
814
813
809
808
807
803
802
801
797
796
795
791
790
789
785
784
783
779
778
777
773
772
771
767
766
765
761
760
759
755
754
753
749
748
747
743
742
741
737
736
735
731
730
729
725
724
723
719
718
717
713
712
711
707
706
705
701
700
699
695
694
693
689
688
687
683
682
681
677
676
675
671
670
669
665
664
663
659
658
657
653
652
651
647
646
645
641
640
639
635
634
633
629
628
627
623
622
621
617
616
615
611
610
609
605
604
603
599
598
597
593
592
591
587
586
585
581
580
579
575
574
573
569
568
567
563
562
561
557
556
555
551
550
549
545
544
543
539
538
537
533
532
531
527
526
525
521
520
519
515
514
513
509
508
507
503
502
501
497
496
495
491
490
489
485
484
483
479
478
477
473
472
471
467
466
465
461
460
459
455
454
453
449
448
447
443
442
441
437
436
435
431
430
429
425
424
423
419
418
417
413
412
411
407
406
405
401
400
399
395
394
393
389
388
387
383
382
381
377
376
375
371
370
369
365
364
363
359
358
357
353
352
351
347
346
345
341
340
339
335
334
333
329
328
327
323
322
321
317
316
315
311
310
309
305
304
303
299
298
297
293
292
291
287
286
285
281
280
279
275
274
273
269
268
267
263
262
261
257
256
255
251
250
249
245
244
243
239
238
237
233
232
231
227
226
225
221
220
219
215
214
213
209
208
207
203
202
201
197
196
195
191
190
189
185
184
183
179
178
177
173
172
171
167
166
165
161
160
159
155
154
153
149
148
147
143
142
141
137
136
135
131
130
129
125
124
123
119
118
117
113
112
111
107
106
105
101
100
99
95
94
93
89
88
87
83
82
81
77
76
75
71
70
69
65
64
63
59
58
57
53
52
51
47
46
45
41
40
39
35
34
33
29
28
27
23
22
21
17
16
15
11
10
9
5
4
3
